1875 2000 0
8907
643
9412
894
4989
7221
7241
614
291
4931
769
1745
788
611
9354
608
1430
805
4814
4535
544
628
9800
5822
627
9018
627
92
867
5898
648
2703
622
7372
642
5770
625
629
632
647
679
633
3090
7637
674
156
628
620
840
618
630
2571
770
3000
821
556
7823
601
370
5486
1387
9309
182
625
2492
745
9130
736
634
729
4690
7327
3851
6496
3965
544
5938
3088
608
623
8822
3839
625
4459
605
5464
7212
388
643
610
4993
6601
619
6933
6160
791
4525
4224
2152
637
8192
1515
625
1397
637
567
675
4238
642
890
4186
647
5284
5823
704
2853
709
4261
858
710
2939
727
1820
3919
704
8123
620
617
641
2229
1861
7391
7474
2527
68
506
753
7048
517
6185
716
8531
720
626
777
635
9856
620
7593
607
7151
6547
624
838
6198
713
659
9937
875
349
9009
556
634
649
643
9762
9651
7703
353
634
1821
624
2384
607
620
3208
522
749
3816
639
869
5529
711
7646
616
849
3251
3372
622
723
698
133
619
755
754
648
851
741
630
677
536
5568
9312
803
620
578
641
628
623
633
1785
1698
557
4662
789
8976
976
477
886
6582
626
5779
7553
6449
610
2894
8664
628
3298
805
7369
271
610
75
2003
641
585
9454
2596
5836
7096
8297
9693
637
4654
3423
626
6097
8756
2173
639
8909
746
6699
7747
620
6268
475
780
808
518
6881
9717
1901
561
871
7024
7808
4905
526
629
6939
789
431
8566
782
647
629
621
644
6223
2300
2532
649
625
1593
2876
616
627
8786
701
770
2914
9100
3357
841
609
5121
1345
537
885
8399
5133
1001
4246
6222
7876
2316
8234
2557
7543
611
1907
5318
642
2882
9184
606
709
7736
6533
548
769
407
606
625
620
7645
3052
9674
626
2008
629
819
2240
2072
6091
3970
746
564
706
2286
503
7277
276
625
4416
8157
4299
896
7518
534
5155
606
648
621
2217
7340
626
650
628
607
766
3171
7740
5877
618
625
7467
820
4665
6521
600
659
828
2384
761
2960
8193
3950
8535
757
538
626
6821
2970
865
1800
748
5241
547
617
756
635
2341
621
573
645
8740
9135
609
797
619
5001
6276
620
635
542
598
9008
643
614
9132
8136
6973
2849
898
337
621
4392
9472
6088
5159
625
842
7830
781
800
628
801
6656
8670
6099
7157
8714
639
630
9250
6543
3325
622
776
636
412
622
2855
623
777
4296
769
546
507
652
9105
4822
821
5201
620
647
9656
3316
2427
5213
3637
4469
7366
5572
551
3545
796
5316
8682
815
1016
522
637
4638
3066
1832
864
9099
620
3097
634
610
899
2881
625
1545
1915
776
8925
1070
568
422
6749
656
874
609
3326
805
1423
4106
7946
8164
605
584
388
627
526
714
601
3926
2165
9480
621
2408
9644
4213
2708
3808
9952
629
705
1677
740
835
5136
8330
1079
1593
3305
741
820
4933
861
751
632
6483
605
6225
5538
252
4054
867
3867
736
628
845
7694
632
4038
151
636
609
4247
9864
3429
4754
3041
2863
4572
623
576
549
634
9682
3842
3245
2704
630
630
8002
2144
7256
6711
760
638
4403
8450
758
560
623
6985
3317
660
7032
5279
7101
622
622
169
5837
626
880
520
641
649
558
581
2626
6064
50
567
8617
4978
636
1497
797
623
2037
2966
624
476
650
2534
5176
9793
7250
627
2130
345
3191
623
4772
629
834
697
9679
766
1807
644
6185
623
853
5528
667
9735
647
627
630
9435
802
633
1234
9282
2295
1916
135
3375
5585
601
623
4409
4952
827
628
6638
5369
621
4571
7766
549
784
762
9253
4485
614
6017
777
512
642
854
2995
825
3123
806
622
2643
6905
5178
674
525
853
625
623
6172
613
631
7626
4500
623
6629
2336
888
807
626
788
608
622
703
575
549
1866
9464
605
628
620
624
718
9001
619
8936
624
551
629
647
3403
573
8700
9060
6170
611
579
607
610
617
603
718
202
4100
590
771
760
7812
620
9745
4680
7877
6389
5193
4365
1456
2109
5676
526
794
9110
632
601
424
864
604
4242
626
6064
6174
627
4009
614
10
641
9402
625
762
533
1377
4319
6144
1290
3631
3469
628
609
628
5674
850
1348
610
730
859
9033
630
735
506
8797
5769
9519
630
9387
796
5007
563
5100
867
4062
648
2482
896
641
526
7570
2564
9152
744
609
7058
723
638
9773
1488
1394
620
5233
2739
847
621
8992
1119
5995
546
7776
7410
3314
2518
7336
624
1444
628
1435
746
3448
637
7959
618
695
622
620
8526
516
8033
666
619
642
6506
9310
4552
7900
9720
6547
7407
5062
693
1393
3732
627
9700
2498
595
608
4121
825
719
840
606
4087
8676
3969
623
3058
613
9421
892
8773
4990
4935
3717
826
5035
5110
632
614
4877
503
7103
7687
647
632
6981
1399
7692
616
9058
8903
723
3214
809
863
5132
888
3773
655
3197
825
7228
5114
624
660
642
640
7065
553
621
821
868
4560
653
896
899
645
4009
637
8307
606
9089
8182
9419
634
645
5873
626
3191
862
815
7771
607
366
3264
9689
714
2362
526
2887
573
1104
1843
627
636
637
7019
612
6914
3814
4000
500
827
6659
798
522
4457
534
2704
8751
1969
5572
887
545
725
620
884
720
773
758
644
4883
647
8134
3377
647
643
6303
607
4812
3909
130
9689
480
5351
3322
4065
7300
525
538
9957
1817
568
623
7742
2202
613
634
1200
647
1149
8094
4415
5869
603
744
2924
3276
778
8861
764
5715
785
311
9267
3274
8599
5751
4250
620
9385
1078
6332
644
3315
2822
819
2444
732
1985
1781
6548
2100
810
9147
631
854
632
511
3192
721
719
4998
631
5491
8256
997
3881
6568
4182
6816
924
552
4952
4127
5653
891
782
2787
261
623
7756
646
1800
732
1816
3909
2467
876
4962
6503
9861
896
5094
2825
3567
624
3513
127
9604
629
625
913
75
276
7301
3562
3654
4829
656
617
637
9495
624
848
662
7416
2320
2896
4831
5848
698
6846
1820
1896
7036
4562
6176
8852
8235
5766
3339
626
9462
715
630
621
628
2209
5941
7291
7881
646
1636
1163
6008
850
666
638
8044
613
869
9946
9128
8491
605
615
709
4217
1037
1173
7462
3231
640
4792
808
8279
630
540
626
7904
8166
3253
662
706
438
9499
725
4286
8112
630
5251
626
7929
9971
614
9085
603
531
555
534
627
2752
617
801
1231
591
628
8736
758
638
9544
560
1189
0
6628
778
5015
431
8281
2038
7472
3126
650
606
588
644
769
537
9016
508
2294
6145
747
8938
853
619
7452
892
6420
7477
8105
9807
5440
818
9237
5553
752
604
528
722
4931
8873
621
2085
1903
5820
1654
2903
6644
591
1486
4411
5893
3852
9319
2338
5488
608
9342
728
4538
806
8059
640
506
9988
9867
621
830
9483
617
7558
6001
879
3957
623
839
3345
526
628
593
640
4446
531
8160
3354
1272
698
6300
8877
627
637
2839
844
1423
589
884
794
8416
6987
2852
640
506
9325
1874
517
728
5455
510
2039
6443
601
625
7114
9525
2976
622
622
9774
6359
8084
9560
665
676
612
5212
627
2848
618
634
6153
701
549
4232
6600
736
622
625
758
513
643
610
8596
625
6336
721
5955
784
141
694
644
641
647
457
9127
4464
2199
600
827
801
7969
5626
191
561
839
769
629
583
703
582
8460
6456
625
2704
596
614
5683
684
8653
2576
581
7816
836
3470
5531
645
601
627
625
1152
865
629
398
2942
897
4139
6847
613
6377
857
8458
7042
2365
621
1167
634
833
8480
627
6091
1445
648
663
689
706
8044
644
5337
621
673
622
548
305
765
3041
630
7875
563
1577
9844
6214
3730
655
9368
8772
626
754
3861
4386
1997
9877
625
3374
8274
3703
634
9787
2520
4086
768
1695
2293
622
620
626
585
7425
771
4786
5276
646
8793
638
4950
3492
871
564
855
6693
891
650
625
9755
7902
8009
630
2010
1083
5245
9134
9064
5050
825
1220
999
16
7481
7185
9407
869
1169
625
2510
588
3928
7222
553
550
636
6585
620
678
2124
755
3027
860
637
9873
756
726
5036
2249
625
633
509
4880
566
836
626
762
602
848
9520
7160
2096
629
551
5662
696
646
6262
531
9449
5448
638
5907
676
632
606
4026
831
620
7670
1418
620
888
6249
608
9849
2056
6670
648
9287
626
5764
2538
503
625
650
7407
746
862
606
6043
6294
643
9076
1767
821
3709
772
8859
8
7330
229
8049
616
561
870
640
9326
605
8641
625
2150
5857
1331
523
623
9562
653
6841
7975
750
9695
9814
567
624
4158
4610
6817
648
5182
5593
777
4870
822
4270
5578
679
4782
8392
6599
7634
712
628
308
623
232
622
637
781
815
2401
5784
7264
348
5961
1450
627
628
627
609
600
6968
603
7336
6869
888
636
4885
628
591
558
679
691
622
637
706
9978
583
800
3595
4070
668
4613
782
859
900
583
637
1375
6700
610
601
9036
623
641
4945
5384
781
785
6130
655
402
9351
5122
4255
706
526
4489
633
503
5797
8291
548
1873
645
9266
532
6021
837
1298
819
647
5145
645
9902
900
726
641
527
563
9452
799
628
5585
324
547
1084
3346
346
4204
674
505
738
638
3383
6601
2550
665
870
629
842
9746
26
1333
5158
2887
865
7235
586
884
590
5573
6878
5267
3560
6397
6765
7574
776
8004
622
7321
611
642
7773
6394
615
520
3000
393
5760
2669
7021
8497
613
389
661
700
608
711
4946
5792
898
7578
628
693
5140
5655
712
321
620
8584
627
537
7454
1061
4967
4146
600
8741
762
8059
814
6671
4421
894
8522
5712
2514
807
1953
2997
844
513
3133
622
610
597
2492
627
661
2377
630
9979
625
579
641
623
622
2457
968
539
626
777
3480
1016
649
1205
9766
2145
3053
749
831
9987
2530
626
8810
7873
641
751
767
8914
7676
3815
7017
642
7704
776
3344
753
485
621
620
600
625
626
834
9767
616
9330
3846
3415
627
3356
506
3733
1142
8037
793
4247
3537
623
650
650
5484
629
7877
7928
6071
9461
7797
622
631
1440
647
713
7107
831
629
626
630
8639
1666
677
559
7429
1709
2340
